Индекс      V1      A1      V2      A2Расстояние Результат
     1 1.0E+0001 1.0E+0000 1.0E+0001 1.0E+0000 2.0E+0001 9.5E-0001
     2 1.0E+0001 1.0E+0000 1.0E+0001 1.0E+0000 3.0E+0001 1.4E+0000
     3 1.0E+0001 1.0E+0000 1.0E+0001 1.0E+0000 4.0E+0001 1.8E+0000
     4 1.0E+0001 2.0E+0000 1.0E+0001 2.0E+0000 4.0E+0001 6.8E+0000
     5 1.0E+0001 2.0E+0000 1.0E+0001 2.0E+0000 3.0E+0001 5.3E+0000
     6 1.0E+0001 2.0E+0000 1.0E+0001 2.0E+0000 2.0E+0001 3.7E+0000
Индекс        V1        A1        V2        A2  Расстояние   Результат
     1    10.000     1.000    10.000     1.000      20.000       0.954
     2    10.000     1.000    10.000     1.000      50.000       2.247
     3    10.000     5.000    10.000     5.000      50.000       1.742
     4    10.000    10.000    10.000    10.000      50.000       1.449
     5    10.000   100.000    10.000   100.000      50.000       0.614
     6    10.000  1000.000    10.000  1000.000      50.000       0.214
